shoulder_pan_joint  : 1.5707963267950005
shoulder_lift_joint : -1.5525750894041779
elbow_joint         : 1.5525750894041783
wrist_1_joint       : -1.570796326795
wrist_2_joint       : -1.534353852013356
wrist_3_joint       : 0.0