shoulder_pan_joint  : 0.6207787083493841
shoulder_lift_joint : -1.004681330618082
elbow_joint         : 1.6983449885307538
wrist_1_joint       : -2.301530778020034
wrist_2_joint       : -1.625460038967466
wrist_3_joint       : 0.0